0.0003333333333333333 5.595644506172839e-9 
0.0006666666666666666 5.751877098765432e-9 
0.001 5.677043209876543e-9 
0.002 5.674675555555555e-9 
0.003333333333333333 5.633321543209876e-9 
0.004666666666666666 5.633321543209876e-9 
0.006666666666666666 5.677043209876543e-9 
0.008666666666666666 5.6498449999999995e-9 
0.016666666666666666 5.638040061728395e-9 
0.029666666666666664 5.638040061728395e-9 
0.050666666666666665 5.638040061728395e-9 
0.08633333333333333 5.677043209876543e-9 
0.12333333333333332 5.662844691358024e-9 
0.2353333333333333 5.860835555555556e-9 
0.33266666666666667 5.898186728395062e-9 
0.43266666666666664 6.02070222222222e-9 
0.482 5.939288950617284e-9 
0.5436666666666666 5.70312e-9 
0.6053333333333333 5.147742222222222e-9 
0.6526666666666666 4.485097283950617e-9 
0.6886666666666665 3.966435555555555e-9 
0.7323333333333333 3.5889274691358027e-9 
0.7683333333333333 3.3301867283950613e-9 
0.817 3.1565926543209874e-9 
0.8893333333333333 3.286803024691358e-9 
0.9313333333333333 3.423321543209877e-9 
0.9693333333333333 3.4944799999999993e-9 
1.0093333333333332 3.6352022222222224e-9 
1.036 3.763263209876543e-9 
1.059 3.86808987654321e-9 
1.0826666666666667 3.922027222222223e-9 
1.1123333333333334 3.74978e-9 
1.1373333333333333 3.548563209876543e-9 
1.1633333333333333 3.3410770987654326e-9 
1.1883333333333332 3.0602272222222223e-9 
1.21 2.707662283950617e-9 
1.2323333333333333 2.427496358024691e-9 
1.2469999999999999 2.192691358024691e-9 
1.259 1.979603024691358e-9 
1.2876666666666665 1.7668209876543209e-9 
1.3046666666666666 1.584845e-9 
1.3526666666666665 1.2976682098765429e-9 
1.401 1.205405e-9 
1.446 1.2218272222222223e-9 
1.4649999999999999 1.2712002469135803e-9 
1.5036666666666667 1.1961483950617284e-9 
1.524 1.1170688888888888e-9 
1.532 1.0672200000000002e-9 
1.5519999999999998 1.022524691358025e-9 
1.6019999999999999 1.0636296913580246e-9 
1.6163333333333334 1.1376450000000002e-9 
1.6163333333333334 1.2684005555555556e-9 
1.6376666666666666 1.4820987654320985e-9 
1.6759999999999997 1.8429195061728398e-9 
1.712333333333333 2.34080024691358e-9 
1.7756666666666665 2.6612565432098763e-9 
1.8463333333333332 2.790045e-9 
1.862 6.172839506172839e-9 
1.9383333333333335 2.4691358024691355e-8 
1.948 6.172839506172839e-9 
2.0279999999999996 6.172839506172839e-9 
2.0626666666666664 6.172839506172839e-9 
2.099333333333333 2.4691358024691355e-8 
2.173 4.886210432098765e-9 
2.2543333333333333 6.048777839506171e-9 
2.3256666666666668 6.172839506172839e-9 
2.399 3.713304691358024e-9 
2.465 6.172839506172839e-9 
2.5243333333333333 4.468275555555555e-9 
2.6053333333333333 2.4691358024691355e-8 
2.701333333333333 4.7835067283950614e-9 

