1.0039550895356417 1.0306788389963565e-12
1.1037155032027572 1.1915588196702323e-12
1.1849889094464976 1.3125330147352312e-12
1.2924941063486375 1.4991773714873054e-12
1.513561248436208 1.886212207133523e-12
1.7038390652385325 2.26115695153675e-12
1.824	2.417e-12
1.986	2.609e-12
2.110	2.812e-12
2.257	3.100e-12
2.393	3.396e-12
2.697	4.041e-12
4.017	7.165e-12
4.386	8.520e-12
4.754	9.898e-12
5.671	1.367e-11
6.338	1.702e-11
6.940	2.008e-11
7.5	2.410e-11
8	2.502e-11
09	2.889e-11
10	2.982e-11
11	3.511e-11
14	5.962e-11
17	7.874e-11
18	1.052e-10
21	1.558e-10
24	2.268e-10
28	3.659e-10
29	4.141e-10
32	6.020e-10
33.41950400261141 7.215521357901022e-10
35.31831697919564 8.044736266284185e-10
37.62084720349174 9.300449458481393e-10
40.073487792246034 1.062298869154873e-9
42.68602498899179 1.2133595182097665e-9
45.111338607098375 1.3365470508911144e-9
46.55860935229584 1.4370779141993747e-9
48.43316577920433 1.4901443705277456e-9
50.782524383067155 1.6217120857339266e-9
53.24584385983067 1.7227429147699409e-9
56.71713511296793 1.7020453546420374e-9
59.939661459821295 1.6217120857339266e-9
64.60791327311762 1.3692505991349324e-9
66.94440496888328 1.0752168531898921e-9
70.46930689671463 7.572950042471811e-10
73.01777104033286 6.394024237773806e-10
75.06345868232948 5.530726111974165e-10
78.08568573885987 5.269686471168723e-10
79.64212827310473 5.875284094355484e-10
81.55086490980348 6.092238584943133e-10
84.83428982440712 7.94808434500385e-10
88.24991295887943 1.062298869154873e-9
91.80305691684066 1.3859012403933867e-9
95.1230384680999 1.9440790077491267e-9
97.7880338725181 2.7270653046663255e-9
101.72520446074235 3.919005319915365e-9
104.98877226899403 5.6319159908802255e-9
104.98877226899403 5.6319159908802255e-9
# 107.9301690128147 7.527320708477473e-9
# 107.9301690128147 7.527320708477473e-9
# 107.9301690128147 7.527320708477473e-9

# 86.3333333333 5.67704320988e-09
# 86.3333333333 5.67704320988e-09
# 86.3333333333 5.67704320988e-09
123.333333333 5.66284469136e-09
235.333333333 5.86083555556e-09

248 5.86083555556e-09
248 5.86083555556e-09

# 208	4.418e-8
# 233	3.040e-8
# 243	1.781e-8
# 243	1.781e-8
252	4.198e-9
# 264	1.996e-8
# 264	1.996e-8
# 273	3.791e-8
# 278	4.797e-8

258 5.8981867284e-09
258 5.8981867284e-09

332.666666667 5.8981867284e-09
432.666666667 6.02070222222e-09
482.0 5.93928895062e-09
543.666666667 5.70312e-09
605.333333333 5.14774222222e-09
652.666666667 4.48509728395e-09
688.666666667 3.96643555556e-09
732.333333333 3.58892746914e-09
768.333333333 3.3301867284e-09
817.0 3.15659265432e-09
889.333333333 3.28680302469e-09
931.333333333 3.42332154321e-09
969.333333333 3.49448e-09
1009.33333333 3.63520222222e-09
