0.3333333333333333 7.151045472095659e-14
1.6666666666666667 3.062530974149754e-13
3.3333333333333335 8.479257163240688e-13
16.666666666666668 3.277592082260022e-11
33.333333333333336 2.1663848621726254e-10
126.780227211 2.76897617456e-08
126.780227211 2.76897617456e-08
126.780227211 2.76897617456e-08
127.219087481 2.75737220997e-08
127.659466903 2.74571331094e-08
128.101370734 2.7339994448e-08
128.544804252 2.72223058342e-08
128.989772753 2.71040670329e-08
129.436281548 2.69852778564e-08
129.884335971 2.68659381654e-08
130.333941371 2.67460478698e-08
130.785103118 2.662560693e-08
131.237826598 2.6504615358e-08
131.692117219 2.6383073218e-08
132.147980403 2.62609806283e-08
132.605421597 2.61383377616e-08
133.064446261 2.60151448467e-08
133.525059876 2.58914021695e-08
133.987267944 2.5767110074e-08
134.451075984 2.56422689639e-08
134.916489533 2.55168793032e-08
135.383514151 2.5390941618e-08
135.852155412 2.52644564978e-08
136.322418914 2.5137424596e-08
136.794310273 2.50098466323e-08
137.267835122 2.48817233932e-08
137.742999117 2.47530557335e-08
138.219807931 2.46238445781e-08
138.698267259 2.44940909229e-08
139.178382813 2.43637958364e-08
139.660160328 2.42329604612e-08
140.143605555 2.41015860155e-08
140.628724267 2.39696737944e-08
141.115522259 2.38372251715e-08
141.604005342 2.37042416006e-08
142.094179349 2.3570724617e-08
142.586050135 2.34366758395e-08
143.079623572 2.33020969714e-08
143.574905555 2.3166989803e-08
144.071901997 2.30313562124e-08
144.570618834 2.28951981678e-08
145.07106202 2.27585177291e-08
145.573237532 2.26213170496e-08
146.077151366 2.24835983779e-08
146.58280954 2.23453640596e-08
147.090218091 2.22066165393e-08
147.599383079 2.20673583625e-08
148.110310584 2.19275921775e-08
148.623006707 2.17873207372e-08
149.13747757 2.16465469016e-08
149.653729317 2.1505273639e-08
150.171768111 2.13635040291e-08
150.69160014 2.12212412642e-08
151.213231611 2.10784886521e-08
151.736668753 2.09352496176e-08
152.261917815 2.07915277052e-08
152.788985071 2.06473265812e-08
153.317876813 2.05026500362e-08
153.848599358 2.03575019871e-08
154.381159044 2.02118864797e-08
154.915562229 2.00658076911e-08
155.451815294 1.99192699323e-08
155.989924645 1.97722776506e-08
156.529896705 1.96248354321e-08
157.071737924 1.94769480044e-08
157.61545477 1.93286202395e-08
158.161053738 1.91798571561e-08
158.708541342 1.90306639226e-08
159.257924119 1.88810458599e-08
159.809208631 1.87310084443e-08
160.36240146 1.85805573102e-08
160.917509211 1.84296982534e-08
161.474538514 1.8278437234e-08
162.03349602 1.81267803795e-08
162.594388404 1.79747339878e-08
163.157222364 1.78223045306e-08
163.72200462 1.76694986567e-08
164.288741916 1.75163231952e-08
164.857441021 1.73627851589e-08
165.428108724 1.72088917477e-08
166.000751842 1.70546503526e-08
166.575377211 1.69000685585e-08
167.151991693 1.67451541487e-08
167.730602174 1.65899151079e-08
168.311215563 1.64343596267e-08
168.893838794 1.62784961048e-08
169.478478823 1.61223331557e-08
170.065142633 1.59658796099e-08
170.653837227 1.580914452e-08
171.244569637 1.56521371639e-08
171.837346916 1.54948670501e-08
172.432176143 1.53373439211e-08
173.029064421 1.51795777586e-08
173.628018877 1.50215787878e-08
174.229046663 1.48633574819e-08
174.832154957 1.47049245671e-08
175.43735096 1.45462910275e-08
176.044641899 1.43874681096e-08
176.654035027 1.42284673279e-08
177.265537619 1.40693004697e-08
177.879156978 1.39099796004e-08
178.494900431 1.37505170692e-08
179.112775332 1.35909255141e-08
179.732789057 1.34312178678e-08
180.354949012 1.32714073636e-08
180.979262625 1.31115075408e-08
181.605737351 1.29515322509e-08
182.234380671 1.27914956641e-08
182.865200093 1.26314122748e-08
183.498203148 1.24712969085e-08
184.133397396 1.23111647282e-08
184.770790421 1.21510312412e-08
185.410389835 1.19909123056e-08
186.052203275 1.18308241376e-08
186.696238406 1.16707833183e-08
187.342502918 1.15108068015e-08
187.991004528 1.13509119206e-08
188.641750981 1.11911163967e-08
189.294750046 1.1031438346e-08
189.950009521 1.08718962883e-08
190.607537232 1.07125091544e-08
191.267341029 1.05532962956e-08
191.929428792 1.03942774911e-08
192.593808426 1.02354729575e-08
193.260487866 1.00769033577e-08
193.929475072 9.91858980979e-09
194.600778032 9.76055389692e-09
195.274404764 9.60281767658e-09
195.95036331 9.44540369067e-09
196.628661743 9.28833497561e-09
197.309308162 9.13163507275e-09
197.992310695 8.97532803897e-09
198.677677498 8.81943845762e-09
199.365416755 8.66399144975e-09
200.055536678 8.50901268549e-09
200.748045509 8.35452839592e-09
201.442951517 8.20056538506e-09
202.140262999 8.04715104229e-09
202.839988283 7.89431335503e-09
203.542135724 7.74208092181e-09
204.246713706 7.59048296557e-09
204.953730644 7.43954934746e-09
205.663194979 7.28931058087e-09
206.375115184 7.13979784594e-09
207.08949976 6.99104300437e-09
207.806357238 6.84307861468e-09
208.525696177 6.69593794787e-09
209.247525167 6.54965500351e-09
209.971852828 6.40426452625e-09
210.69868781 6.25980202279e-09
211.428038791 6.11630377933e-09
212.159914481 5.97380687944e-09
212.894323619 5.83234922254e-09
213.631274976 5.69196954274e-09
214.370777351 5.55270742834e-09
215.112839574 5.41460334177e-09
215.857470508 5.27769864012e-09
216.604679043 5.14203559625e-09
217.354474102 5.00765742046e-09
218.10686464 4.87460828276e-09
218.861859639 4.74293333573e-09
219.619468117 4.61267873807e-09
220.379699119 4.48389167865e-09
221.142561723 4.35662040136e-09
221.90806504 4.23091423043e-09
222.67621821 4.10682359657e-09
223.447030406 3.98440006359e-09
224.220510832 3.86369635578e-09
224.996668725 3.74476638583e-09
225.775513353 3.62766528342e-09
226.557054016 3.51244942429e-09
227.341300046 3.3991764599e-09
228.12826081 3.28790534752e-09
228.917945703 3.17869638067e-09
229.710364157 3.07161121992e-09
230.505525632 2.96671292371e-09
231.303439625 2.86406597924e-09
232.104115663 2.78149531669e-09
232.907563308 2.7074375874e-09
233.713792153 2.63469488568e-09
234.522811827 2.56333123391e-09
235.334631989 2.49341253732e-09
236.149262334 2.42500666467e-09
236.966712589 2.35818353728e-09
237.786992516 2.29301522731e-09
238.610111911 2.22957606656e-09
239.436080601 2.16794276667e-09
240.26490845 2.1081945515e-09
241.096605356 2.05041330243e-09
241.93118125 1.99468371654e-09
242.768646097 1.94109347709e-09
243.609009898 1.88973343469e-09
244.452282689 1.84069779621e-09
245.298474538 1.79408431688e-09
246.14759555 1.74999448871e-09
246.999655865 1.70853371628e-09
247.854665657 1.66981146816e-09
248.712635137 1.63394138983e-09
249.573574549 1.60104136181e-09
250.437494175 1.57123348568e-09
251.30440433 1.54464398114e-09
252.174315366 1.52140297962e-09
253.047237671 1.50164420566e-09
253.92318167 1.48550454505e-09
254.802157821 1.4731235101e-09
255.684176621 1.46464262493e-09
256.569248602 1.4602047667e-09
257.457384333 1.45995350973e-09
258.34859442 1.46403252628e-09
259.242889505 1.47258509786e-09
260.140280266 1.4857537838e-09
261.040777419 1.50368027902e-09
261.944391718 1.5265054727e-09
262.851133953 1.55436969673e-09
263.761014952 1.58741313105e-09
264.674045579 1.62577631607e-09
265.590236737 1.66960071205e-09
266.509599367 1.71902924333e-09
267.432144447 1.77420677008e-09
268.357882993 1.83528044084e-09
269.28682606 1.902399892e-09
270.21898474 1.97571727417e-09
271.154370165 2.0553870971e-09
272.092993504 2.14156589407e-09
273.034865966 2.23441171238e-09
273.979998797 2.33408343901e-09
274.928403284 2.44073997057e-09
275.880090752 2.63841168742e-09
276.835072565 2.78274159642e-09
277.793360127 2.93498906382e-09
278.75496488 3.09524388788e-09
279.719898308 3.26358435025e-09
280.688171933 3.44007548331e-09
281.659797318 3.62476713823e-09
282.634786064 3.81769183908e-09
283.613149815 4.01886240882e-09
284.594900253 4.22826935425e-09
285.580049102 4.44587799854e-09
286.568608125 4.67162535284e-09
287.560589127 4.90541672135e-09
288.556003954 5.14712203978e-09
289.554864492 5.39657195282e-09
290.557182668 5.65355364501e-09
291.562970451 5.91780644996e-09
292.572239853 6.18901727605e-09
293.585002924 6.46681590341e-09
294.601271759 6.75077022698e-09
295.621058492 7.0403815443e-09
296.644375302 7.33508001494e-09
297.671234408 7.63422045109e-09
298.701648072 7.93707863545e-09
299.735628598 8.24284840362e-09
300.773188333 8.55063977171e-09
301.814339668 8.85947843579e-09
302.859095034 9.16830701455e-09
303.907466908 9.47598844819e-09
304.959467807 9.78131200085e-09
306.015110296 1.0083002335e-08
307.074406978 1.03797321289e-08
308.137370503 1.06701386857e-08
309.204013565 1.09528449236e-08
310.2743489 1.12264850423e-08
311.34838929 1.14897350108e-08
312.42614756 1.17413478242e-08
313.507636579 1.19801932277e-08
314.592869262 1.22053012972e-08
315.681858568 1.24159089305e-08
316.774617501 1.26115079353e-08
317.87115911 1.27918930441e-08
318.971496488 1.29572078662e-08
320.075642775 1.31079865452e-08
321.183611157 1.32451887668e-08
322.295414863 1.33702257925e-08
323.411067169 1.3484975412e-08
324.530581399 1.35917841112e-08
325.653970919 1.36934553514e-08
326.781249146 1.37932235973e-08
327.91242954 1.38947145787e-08
329.047525609 1.40018931393e-08
330.186550907 1.41190008388e-08
331.329519035 1.42504861533e-08
332.476443642 1.44009305866e-08
333.627338424 1.45749742337e-08
334.782217124 1.47772442877e-08
335.941093532 1.50122896934e-08
337.103981487 1.52845246414e-08
338.270894875 1.55981829478e-08
339.44184763 1.59572846374e-08
340.616853736 1.63656153164e-08
341.795927222 1.68267182535e-08
342.979082169 1.73438985294e-08
344.166332705 1.79202381945e-08
345.357693008 1.85586211144e-08
346.553177303 1.92617660629e-08
347.752799866 2.00322666485e-08
348.956575021 2.08726367925e-08
350.164517145 2.17853607031e-08
351.37664066 2.27729465787e-08
352.592960041 2.38379836133e-08
353.813489813 2.49832022481e-08
355.03824455 2.62115380163e-08
356.267238877 2.75261997631e-08
357.500487469 2.89307435032e-08
358.738005054 3.04291537328e-08
359.979806409 3.20259346724e-08
361.225906362 3.37262147451e-08
362.476319793 3.55358686752e-08
363.731061634 3.74616630408e-08
364.990146868 3.9511433129e-08
366.25359053 4.16943017992e-08
367.521407707 4.40209552111e-08
368.793613539 4.65039964434e-08
370.070223216 4.9158407421e-08
371.351251984 5.20021642299e-08
372.636715139 5.50570744975e-08
373.926628031 5.83499447487e-08
375.221006063 6.19142535063e-08
376.519864693 6.57926287087e-08
377.823219429 7.0040662756e-08
379.131085836 7.47330779658e-08
380.443479531 7.99743191607e-08
381.760416186 8.59182769165e-08
383.081911526 9.28093346697e-08
384.407981332 1.01083231447e-07
385.738641438 1.11696202196e-07
387.073907735 1.2827696192e-07
388.413796166 1.49290761193e-07
389.758322733 1.59422818147e-07
391.10750349 1.72444483025e-07
392.461354547 1.8634366418e-07
393.819892073 1.95364938182e-07
395.183132289 2.04738611437e-07
396.551091474 2.14475681608e-07
397.923785963 2.24587609117e-07
399.301232148 2.35086344315e-07
400.683446477 2.45984356706e-07
402.070445456 2.57294666414e-07
403.462245646 2.69030878111e-07
404.858863669 2.81207217628e-07
406.2603162 2.93838571514e-07
407.666619976 3.06940529832e-07
409.077791789 3.20529432513e-07
410.49384849 3.34622419628e-07
411.914806989 3.49237485984e-07
413.340684253 3.64393540485e-07
414.77149731 3.80110470785e-07
416.207263245 3.96409213786e-07
417.647999203 4.13311832632e-07
419.093722388 4.30841600934e-07
420.544450063 4.49023095043e-07
422.000199553 4.67882295309e-07
423.46098824 4.87446697388e-07
424.926833568 5.07745434828e-07
426.397753042 5.28809414292e-07
427.873764225 5.5067146504e-07
429.354884744 5.73366504472e-07
430.841132284 5.96931721848e-07
432.332524593 6.21406782619e-07
433.82907948 6.46834056165e-07
435.330814816 6.73258870236e-07
436.837748534 7.00729795884e-07
438.349898627 7.2929896736e-07
439.867283153 7.59022442197e-07
441.389920232 7.89960607643e-07
442.917828046 8.22178640716e-07
444.451024839 8.55747030532e-07
445.989528919 8.90742173175e-07
447.53335866 9.27247051449e-07
449.082532495 9.65352014288e-07
450.637068923 1.00515567371e-06
452.196986509 1.04676594103e-06
453.762303878 1.09030122872e-06
455.333039724 1.13589185051e-06
456.909212801 1.18368165966e-06
458.490841933 1.2338299753e-06
460.077946005 1.28651385889e-06
461.670543969 1.34193081918e-06
463.268654844 1.4003020448e-06
464.872297711 1.46187629149e-06
466.481491721 1.5269345873e-06
468.09625609 1.59579596855e-06
469.7166101 1.66882452578e-06
471.3425731 1.74643813057e-06
472.974164505 1.82911934075e-06
474.611403799 1.91742916052e-06
476.254310533 2.01202458693e-06
477.902904324 2.11368124456e-06
479.55720486 2.22332295692e-06
481.217231894 2.34206092587e-06
482.88300525 2.47124645559e-06
484.554544818 2.612543148e-06
486.231870559 2.76802771376e-06
487.915002502 2.94033389519e-06
489.603960746 3.13286320963e-06
491.298765459 3.35010269337e-06
492.999436879 3.59812061817e-06
494.705995314 3.88537178449e-06
496.418461143 4.2240710102e-06
498.136854814 4.63268023333e-06
499.861196848 5.14076549141e-06
501.591507834 5.79946549515e-06
503.327808436 6.70732304546e-06
505.070119385 8.08810105627e-06
506.818461489 1.06185362068e-05
508.572855624 1.84432892705e-05
