0.001 5.823577019104814e-14
0.0012366730653835798 9.234337876701907e-14
0.00152936027064522 1.4408585300806532e-13
0.0018913186539746855 2.1860603745642724e-13
0.0023389428374280203 3.2722042610947693e-13
0.002892507608519078 4.882356454728888e-13
0.0035770862508726162 7.365020572571949e-13
0.004423686219008095 1.1205107552606618e-12
0.005470653596755839 1.721358988980982e-12
0.00676540995315175 2.7205188987695704e-12
0.008366600265340756 4.1930608687007684e-12
0.010346749196978026 6.599922614992433e-12
0.012795546046181909 1.043085159499178e-11
0.015823907152188527 1.6530928014100954e-11
0.01956899976424214 2.621259453015292e-11
0.024200454924935874 4.1549384468012646e-11
0.0299280507756976 6.591282886069352e-11
0.037011214293737375 1.0453209570986236e-10
0.04577077183420477 1.6561142909260453e-10
0.05660348070917843 2.6248091779417134e-10
0.07000000000000002 4.154471024952769e-10
0.07007000000000001 4.161216686445358e-10
0.076193787866788 4.916934757408599e-10
0.08285276594104592 5.868041226595203e-10
0.0900937073253702 6.965993176511971e-10
0.09796747287115372 7.864196362978037e-10
0.1065293684285713 6.998553641810968e-10
0.11583953331853096 7.291218947664232e-10
0.12596336275524284 8.170490048822527e-10
0.13697196718653112 9.383700605457934e-10
0.14894267177832451 1.0827557103881237e-9
0.16195955955173807 1.2466801987540362e-9
0.17611406198777715 1.4362331905404073e-9
0.19150560124810967 1.6542386897471214e-9
0.20824228852290788 1.885748855985499e-9
0.22644168341100188 2.1247108948029116e-9
0.24623161966628004 2.306515547867871e-9
0.2677511031104347 2.4661305182087895e-9
0.2911512880190515 2.4380837747184607e-9
0.31659653883924227 2.0350381476623697e-9
0.34426558469639684 1.4830608906467443e-9
0.37435277479938617 1.3178881881096614e-9
0.40706944356226477 3.3132225680296007e-9
0.4426453950311777 5.6721647441520074e-9
0.48133051704318713 4.430412317725565e-9
0.5233965364549734 9.640623173711122e-9
0.5691389277702555 1.1605280690501795e-8
0.6188789885722565 1.2773981725112244e-8
0.6729660963391867 1.3434982892783121e-8
0.7317801624947681 1.3926147415911698e-8
0.7957343009312118 1.5309131544117793e-8
0.8652777297485313 1.8921010436739225e-8
0.9408989265922004 2.4116153205340286e-8
1.0231290597524567 2.8539059214079425e-8
1.1125457191255168 3.3767939258407834e-8
1.2097769732432238 3.96699477949396e-8
1.3155057808679755 4.566289096323988e-8
1.4304747881402573 4.77655149259182e-8
1.5554915449742717 5.3149211292860225e-8
1.6914341773419719 5.975634731325296e-8
1.8392575552879875 6.407611591857126e-8
1.9999999999999993 7.253454414197142e-8
