1.00395508954 1.030678839e-12
1.1037155032 1.19155881967e-12
1.18498890945 1.31253301474e-12
1.29249410635 1.49917737149e-12
1.51356124844 1.88621220713e-12
1.70383906524 2.26115695154e-12
1.8879913491 2.67806751983e-12
2.05927470889 3.09609051063e-12
2.26389949635 3.62288975092e-12
2.52846614415 4.34305446332e-12
2.84633304135 5.26968647117e-12
3.28095293113 6.71075917058e-12
3.66437574648 8.24158038069e-12
4.35941858588 1.12847888741e-11
4.98556388544 1.45455336305e-11
5.74683292702 1.87484720323e-11
6.78310549341 2.56713565631e-11
7.63584568199 3.19107497292e-11
8.94187452502 4.31688623541e-11
9.90831944893 5.30163041156e-11
11.1539468689 6.75143864783e-11
12.1658611956 8.09350208512e-11
13.5876032469 1.0060618294e-10
15.4170045295 1.29676384177e-10
17.7710989774 1.75426213004e-10
19.6918135155 2.20715087296e-10
22.8785539622 3.09609051063e-10
26.1646112063 4.13807064127e-10
29.4539033331 5.46427827738e-10
33.4195040026 7.2155213579e-10
35.3183169792 8.04473626628e-10
37.6208472035 9.30044945848e-10
40.0734877922 1.06229886915e-09
42.686024989 1.21335951821e-09
45.1113386071 1.33654705089e-09
46.5586093523 1.4370779142e-09
48.4331657792 1.49014437053e-09
50.7825243831 1.62171208573e-09
53.2458438598 1.72274291477e-09
56.717135113 1.70204535464e-09
59.9396614598 1.62171208573e-09
64.6079132731 1.36925059913e-09
66.9444049689 1.07521685319e-09
70.4693068967 7.57295004247e-10
73.0177710403 6.39402423777e-10
75.0634586823 5.53072611197e-10
78.0856857389 5.26968647117e-10
79.6421282731 5.87528409436e-10
81.5508649098 6.09223858494e-10
84.8342898244 7.948084345e-10
88.2499129589 1.06229886915e-09
91.8030569168 1.38590124039e-09
95.1230384681 1.94407900775e-09
97.7880338725 2.72706530467e-09
101.725204461 3.91900531992e-09
104.988772269 5.63191599088e-09
107.930169013 7.52732070848e-09
111.392805701 1.0060618294e-08
113.165562304 1.16309930951e-08
115.4212343 1.44578923535e-08
117.721867466 2.0280871538e-08
118.65491001 2.74359630931e-08
129.931450188 3.71153709759e-08
140.604752413 4.78398739013e-08
152.154819888 6.2413076494e-08
164.005020515 8.24158038069e-08
172.640568374 1e-07
173.029064421 1.15956421999e-07
173.628018877 1.15078486999e-07
174.229046663 1.14194920799e-07
174.832154957 1.13305719375e-07
175.43735096 1.12410880198e-07
176.044641899 1.11510402298e-07
176.654035027 1.10604286342e-07
177.265537619 1.09692534708e-07
177.879156978 1.08775151565e-07
178.494900431 1.07852142956e-07
179.112775332 1.06923516881e-07
179.732789057 1.0598928339e-07
180.354949012 1.05049454674e-07
180.979262625 1.04104045162e-07
181.605737351 1.0315307162e-07
182.234380671 1.02196553258e-07
182.865200093 1.01234511836e-07
183.498203148 1.0026697178e-07
184.133397396 9.92939602949e-08
184.770790421 9.83155074928e-08
185.410389835 9.73316465149e-08
186.052203275 9.63424136661e-08
186.696238406 9.53478485515e-08
187.342502918 9.43479942199e-08
187.991004528 9.33428973116e-08
188.641750981 9.23326082133e-08
189.294750046 9.1317181218e-08
189.950009521 9.0296674692e-08
190.607537232 8.92711512485e-08
191.267341029 8.8240677927e-08
191.929428792 8.72053263809e-08
192.593808426 8.61651730719e-08
193.260487866 8.51202994719e-08
193.929475072 8.40707922726e-08
194.600778032 8.30167436035e-08
195.274404764 8.19582512585e-08
195.95036331 8.08954189301e-08
196.628661743 7.98283564541e-08
197.309308162 7.8757180062e-08
197.992310695 7.76820126442e-08
198.677677498 7.66029840224e-08
199.365416755 7.55202312321e-08
200.055536678 7.44338988162e-08
200.748045509 7.33441391286e-08
201.442951517 7.22511126495e-08
202.140262999 7.1154988312e-08
202.839988283 7.00559438403e-08
203.542135724 6.89541660997e-08
204.246713706 6.78498514597e-08
204.953730644 6.67432061689e-08
205.663194979 6.56344467434e-08
206.375115184 6.45238003677e-08
207.08949976 6.34115053101e-08
207.806357238 6.22978113502e-08
208.525696177 6.11829802219e-08
209.247525167 6.00672860691e-08
209.971852828 5.89510159163e-08
210.69868781 5.78344701531e-08
211.428038791 5.6717963033e-08
212.159914481 5.56018231868e-08
212.894323619 5.44863941496e-08
213.631274976 5.33720349026e-08
214.370777351 5.22591204281e-08
215.112839574 5.11480422782e-08
215.857470508 5.00392091572e-08
216.604679043 4.89330475153e-08
217.354474102 4.78300021554e-08
218.10686464 4.67305368503e-08
218.861859639 4.56351349703e-08
219.619468117 4.45443001192e-08
220.379699119 4.34585567781e-08
221.142561723 4.23784509553e-08
221.90806504 4.13045508392e-08
222.67621821 4.0237447454e-08
223.447030406 3.91777553138e-08
224.220510832 3.81261130732e-08
224.996668725 3.70831841708e-08
225.775513353 3.6049657462e-08
226.557054016 3.50262478363e-08
227.341300046 3.40136968148e-08
228.12826081 3.3012773122e-08
228.917945703 3.20242732262e-08
229.710364157 3.10490218406e-08
230.505525632 3.00878723786e-08
231.303439625 2.91417073528e-08
232.104115663 2.8392613584e-08
232.907563308 2.7725597032e-08
233.713792153 2.70677448873e-08
234.522811827 2.64197635681e-08
235.334631989 2.57823864785e-08
236.149262334 2.51563746777e-08
236.966712589 2.45425175419e-08
237.786992516 2.39416334168e-08
238.610111911 2.33545702558e-08
239.436080601 2.27822062418e-08
240.26490845 2.22254503843e-08
241.096605356 2.16852430831e-08
241.93118125 2.1162556646e-08
242.768646097 2.06583957402e-08
243.609009898 2.01737977513e-08
244.452282689 1.97098330129e-08
245.298474538 1.92676048553e-08
246.14759555 1.88482494084e-08
246.999655865 1.84529350733e-08
247.854665657 1.80828615566e-08
248.712635137 1.77392583417e-08
249.573574549 1.74233824515e-08
250.437494175 1.71365153442e-08
251.30440433 1.6879958783e-08
252.174315366 1.66550295316e-08
253.047237671 1.64630527613e-08
253.92318167 1.63053541103e-08
254.802157821 1.6183250414e-08
255.684176621 1.60980392146e-08
256.569248602 1.60509872592e-08
257.457384333 1.60433182771e-08
258.34859442 1.60762003846e-08
259.242889505 1.61507334757e-08
260.140280266 1.62679369068e-08
261.040777419 1.64287376899e-08
261.944391718 1.66339592646e-08
262.851133953 1.68843107666e-08
263.761014952 1.71803765677e-08
264.674045579 1.75226057614e-08
265.590236737 1.79113012182e-08
266.509599367 1.83466078589e-08
267.432144447 1.88284998604e-08
268.357882993 1.93567666271e-08
269.28682606 1.99309974934e-08
270.21898474 2.0550565263e-08
271.154370165 2.12146088157e-08
272.092993504 2.19220151207e-08
273.034865966 2.26714010809e-08
273.979998797 2.34610956973e-08
274.928403284 2.42891230866e-08
275.880090752 2.59484160406e-08
276.835072565 2.70428663495e-08
277.793360127 2.81607610598e-08
278.75496488 2.92974188465e-08
279.719898308 3.04478443681e-08
280.688171933 3.16067483081e-08
281.659797318 3.27685725909e-08
282.634786064 3.39275209179e-08
283.613149815 3.50775946792e-08
284.594900253 3.62126341856e-08
285.580049102 3.7326365054e-08
286.568608125 3.84124494456e-08
287.560589127 3.94645417276e-08
288.556003954 4.04763479887e-08
289.554864492 4.14416887119e-08
290.557182668 4.23545637768e-08
291.562970451 4.32092188564e-08
292.572239853 4.40002121766e-08
293.585002924 4.47224805355e-08
294.601271759 4.53714034371e-08
295.621058492 4.59428641769e-08
296.644375302 4.64333067393e-08
297.671234408 4.68397874163e-08
298.701648072 4.71600201427e-08
299.735628598 4.73924146606e-08
300.773188333 4.75361067688e-08
301.814339668 4.75909800794e-08
302.859095034 4.75576788902e-08
303.907466908 4.7437611973e-08
304.959467807 4.72329472805e-08
306.015110296 4.69465977654e-08
307.074406978 4.65821986956e-08
308.137370503 4.61440770121e-08
309.204013565 4.56372134302e-08
310.2743489 4.50671981016e-08
311.34838929 4.44401807505e-08
312.42614756 4.37628162617e-08
313.507636579 4.30422067306e-08
314.592869262 4.22858409911e-08
315.681858568 4.15015326172e-08
316.774617501 4.06973573459e-08
317.87115911 3.98815908081e-08
318.971496488 3.90626473688e-08
320.075642775 3.82490207891e-08
321.183611157 3.74492273202e-08
322.295414863 3.66717517358e-08
323.411067169 3.59249967067e-08
324.530581399 3.52172358207e-08
325.653970919 3.45565704537e-08
326.781249146 3.39508906143e-08
327.91242954 3.34078398024e-08
329.047525609 3.2934783858e-08
330.186550907 3.2538783714e-08
331.329519035 3.22265719251e-08
332.476443642 3.20045328038e-08
333.627338424 3.18786859699e-08
334.782217124 3.18546730996e-08
335.941093532 3.19377476514e-08
337.103981487 3.21327673425e-08
338.270894875 3.24441891491e-08
339.44184763 3.28760666154e-08
340.616853736 3.34320492638e-08
341.795927222 3.41153839148e-08
342.979082169 3.49289177414e-08
344.166332705 3.58751029013e-08
345.357693008 3.6956002608e-08
346.553177303 3.81732985254e-08
347.752799866 3.95282993875e-08
348.956575021 4.1021950767e-08
350.164517145 4.26548459399e-08
351.37664066 4.4427237812e-08
352.592960041 4.63390518975e-08
353.813489813 4.83899003658e-08
355.03824455 5.05790971968e-08
356.267238877 5.290567452e-08
357.500487469 5.53684002455e-08
358.738005054 5.79657971445e-08
359.979806409 6.06961635934e-08
361.225906362 6.35575962704e-08
362.476319793 6.65480151984e-08
363.731061634 6.96651916632e-08
364.990146868 7.29067797365e-08
366.25359053 7.62703524057e-08
367.521407707 7.97534437205e-08
368.793613539 8.33535989657e-08
370.070223216 8.70684357848e-08
371.351251984 9.08957206056e-08
372.636715139 9.48334670186e-08
373.926628031 9.88800665817e-08
375.221006063 1.0303446915e-07
376.519864693 1.07296441842e-07
377.823219429 1.11666958814e-07
379.131085836 1.16148821273e-07
380.443479531 1.20747712713e-07
381.760416186 1.25474156761e-07
383.081911526 1.30347599749e-07
384.407981332 1.3540651812e-07
385.738641438 1.40741850818e-07
387.073907735 1.46720450395e-07
388.413796166 1.52829161718e-07
389.758322733 1.57537286013e-07
391.10750349 1.62326784105e-07
392.461354547 1.670998305e-07
393.819892073 1.71668275224e-07
395.183132289 1.76213690931e-07
396.551091474 1.80730412115e-07
397.923785963 1.85213006062e-07
399.301232148 1.89656283681e-07
400.683446477 1.9405530848e-07
402.070445456 1.98405403723e-07
403.462245646 2.02702157811e-07
404.858863669 2.06941427982e-07
406.2603162 2.11119342387e-07
407.666619976 2.15232300646e-07
409.077791789 2.19276972974e-07
410.49384849 2.23250297993e-07
411.914806989 2.27149479333e-07
413.340684253 2.30971981129e-07
414.77149731 2.34715522537e-07
416.207263245 2.38378071379e-07
417.647999203 2.41957837025e-07
419.093722388 2.45453262619e-07
420.544450063 2.48863016763e-07
422.000199553 2.52185984753e-07
423.46098824 2.55421259458e-07
424.926833568 2.58568131945e-07
426.397753042 2.61626081923e-07
427.873764225 2.64594768087e-07
429.354884744 2.67474018436e-07
430.841132284 2.70263820634e-07
432.332524593 2.72964312458e-07
433.82907948 2.75575772413e-07
435.330814816 2.78098610534e-07
436.837748534 2.80533359437e-07
438.349898627 2.82880665653e-07
439.867283153 2.85141281274e-07
441.389920232 2.87316055934e-07
442.917828046 2.89405929177e-07
444.451024839 2.91411923195e-07
445.989528919 2.93335135992e-07
447.53335866 2.9517673497e-07
449.082532495 2.96937950964e-07
450.637068923 2.98620072733e-07
452.196986509 3.00224441937e-07
453.762303878 3.01752448605e-07
455.333039724 3.03205527124e-07
456.909212801 3.04585152767e-07
458.490841933 3.05892838794e-07
460.077946005 3.07130134156e-07
461.670543969 3.08298621861e-07
463.268654844 3.09399918048e-07
464.872297711 3.10435671851e-07
466.481491721 3.11407566154e-07
468.09625609 3.12317319356e-07
469.7166101 3.13166688318e-07
471.3425731 3.13957472711e-07
472.974164505 3.14691521035e-07
474.611403799 3.15370738711e-07
476.254310533 3.15997098732e-07
477.902904324 3.1657265558e-07
479.55720486 3.17099563341e-07
481.217231894 3.17580099349e-07
482.88300525 3.18016695205e-07
484.554544818 3.18411977856e-07
486.231870559 3.18768824682e-07
487.915002502 3.19090438486e-07
489.603960746 3.1938045154e-07
491.298765459 3.19643073227e-07
492.999436879 3.19883305251e-07
494.705995314 3.20107265658e-07
496.418461143 3.20322696146e-07
498.136854814 3.20539795636e-07
499.861196848 3.20772675814e-07
501.591507834 3.21042112127e-07
503.327808436 3.21381334649e-07
505.070119385 3.21850288339e-07
506.818461489 3.22581019445e-07
508.572855624 3.24028388611e-07
510.33332274 3.26478626372e-07
512.099883858 3.25093912712e-07
513.872560075 3.2370276026e-07
515.651372557 3.2230516713e-07
517.436342546 3.20901131995e-07
519.227491357 3.19490654104e-07
521.024840378 3.18073733294e-07
522.828411071 3.16650369997e-07
524.638224974 3.15220565258e-07
526.454303698 3.13784320743e-07
528.276668929 3.12341638754e-07
530.105342429 3.10892522243e-07
531.940346033 3.09436974822e-07
533.781701655 3.07975000778e-07
535.629431282 3.06506605089e-07
537.483556978 3.05031793432e-07
539.344100884 3.03550572202e-07
541.211085217 3.02062948524e-07
543.084532271 3.00568930268e-07
544.964464417 2.99068526064e-07
546.850904105 2.97561745316e-07
548.74387386 2.96048598218e-07
550.643396286 2.9452909577e-07
552.549494068 2.9300324979e-07
554.462189964 2.91471072936e-07
556.381506816 2.89932578717e-07
558.307467543 2.88387781511e-07
560.240095142 2.86836696584e-07
562.179412692 2.85279340104e-07
564.125443351 2.83715729159e-07
566.078210356 2.82145881775e-07
568.037737026 2.80569816934e-07
570.00404676 2.78987554592e-07
571.977163038 2.77399115697e-07
573.957109422 2.75804522208e-07
575.943909555 2.74203797114e-07
577.937587161 2.72596964455e-07
579.938166047 2.70984049337e-07
581.945670103 2.69365077959e-07
583.960123301 2.67740077626e-07
585.981549695 2.66109076776e-07
588.009973425 2.64472104996e-07
590.045418712 2.62829193046e-07
592.087909861 2.61180372882e-07
594.137471263 2.59525677675e-07
596.194127392 2.57865141834e-07
598.257902806 2.56198801031e-07
600.32882215 2.54526692222e-07
602.406910153 2.52848853672e-07
604.49219163 2.51165324978e-07
606.584691482 2.49476147095e-07
608.684434696 2.47781362358e-07
610.791446345 2.46081014509e-07
612.905751589 2.44375148724e-07
615.027375677 2.42663811635e-07
617.156343942 2.40947051363e-07
619.292681807 2.39224917536e-07
621.436414783 2.37497461327e-07
623.587568468 2.35764735471e-07
625.746168551 2.34026794303e-07
627.912240806 2.3228369378e-07
630.085811101 2.30535491514e-07
632.266905389 2.28782246801e-07
634.455549716 2.27024020651e-07
636.651770216 2.25260875818e-07
638.855593117 2.23492876834e-07
641.067044732 2.21720090038e-07
643.286151471 2.19942583613e-07
645.512939833 2.18160427611e-07
647.747436406 2.16373693997e-07
649.989667875 2.14582456675e-07
652.239661014 2.12786791526e-07
654.497442691 2.10986776444e-07
656.763039866 2.09182491371e-07
659.036479594 2.07374018335e-07
661.317789022 2.05561441486e-07
663.606995392 2.03744847135e-07
665.904126039 2.01924323791e-07
668.209208395 2.00099962203e-07
670.522269984 1.982718554e-07
672.843338428 1.96440098728e-07
675.172441443 1.94604789896e-07
677.509606841 1.92766029018e-07
679.854862531 1.90923918653e-07
682.208236518 1.89078563851e-07
684.569756905 1.87230072198e-07
686.939451889 1.85378553861e-07
689.31734977 1.83524121635e-07
691.703478941 1.81666890989e-07
694.097867897 1.79806980116e-07
696.500545228 1.77944509979e-07
698.911539626 1.76079604363e-07
701.330879881 1.74212389929e-07
703.758594883 1.72342996259e-07
706.194713622 1.70471555914e-07
708.639265188 1.68598204486e-07
711.092278772 1.66723080654e-07
713.553783666 1.64846326237e-07
716.023809263 1.62968086256e-07
718.502385059 1.61088508987e-07
720.98954065 1.59207746024e-07
723.485305736 1.57325952337e-07
725.989710121 1.55443286336e-07
728.502783709 1.53559909932e-07
731.024556509 1.51675988599e-07
733.555058636 1.49791691446e-07
736.094320305 1.47907191277e-07
738.642371839 1.46022664662e-07
741.199243664 1.44138292008e-07
743.764966314 1.42254257624e-07
746.339570425 1.40370749801e-07
748.923086742 1.38487960879e-07
751.515546115 1.36606087327e-07
754.116979501 1.34725329818e-07
756.727417965 1.32845893306e-07
759.346892678 1.3096798711e-07
761.975434919 1.29091824991e-07
764.613076078 1.27217625239e-07
767.25984765 1.25345610758e-07
769.915781241 1.23476009152e-07
772.580908567 1.21609052814e-07
775.255261452 1.19744979019e-07
777.938871832 1.17884030014e-07
780.631771751 1.16026453116e-07
783.333993367 1.14172500807e-07
786.045568947 1.12322430836e-07
788.766530871 1.10476506316e-07
791.49691163 1.08634995833e-07
794.236743828 1.06798173549e-07
796.986060183 1.0496631931e-07
799.744893524 1.03139718761e-07
802.513276796 1.01318663458e-07
805.291243056 9.95034509805e-08
808.078825477 9.7694385057e-08
810.876057345 9.58917756828e-08
813.682972063 9.4095939246e-08
816.49960315 9.23071986556e-08
819.325984239 9.05258834719e-08
822.16214908 8.87523300412e-08
825.008131541 8.69868816328e-08
827.863965606 8.52298885798e-08
830.729685378 8.34817084237e-08
833.605325076 8.17427060619e-08
836.49091904 8.00132538998e-08
839.386501726 7.82937320057e-08
842.292107712 7.65845282708e-08
845.207771694 7.48860385722e-08
848.133528489 7.31986669413e-08
851.069413034 7.15228257353e-08
854.015460386 6.98589358146e-08
856.971705726 6.82074267237e-08
859.938184354 6.65687368775e-08
862.914931693 6.49433137527e-08
865.901983291 6.33316140843e-08
868.899374815 6.17341040672e-08
871.907142059 6.01512595637e-08
874.925320939 5.85835663167e-08
877.953947495 5.70315201687e-08
880.993057893 5.54956272871e-08
884.042688423 5.39764043961e-08
887.102875503 5.24743790148e-08
890.173655674 5.09900897024e-08
893.255065605 4.9524086311e-08
896.347142092 4.80769302449e-08
899.449922059 4.66491947284e-08
902.563442555 4.52414650813e-08
905.687740761 4.38543390024e-08
908.822853985 4.24884268623e-08
911.968819662 4.11443520045e-08
915.125675361 3.98227510561e-08
918.293458778 3.85242742481e-08
921.472207739 3.72495857462e-08
924.661960204 3.5999363991e-08
927.862754262 3.47743020502e-08
931.074628133 3.35751079819e-08
934.297620172 3.24025052089e-08
937.531768866 3.12572329064e-08
940.777112833 3.01400464019e-08
944.033690828 2.90517175884e-08
947.301541738 2.7993035352e-08
950.580704584 2.69648060133e-08
953.871218525 2.59678537848e-08
957.173122852 2.50030212433e-08
960.486456995 2.40711698192e-08
963.811260519 2.31731803031e-08
967.147573126 2.23099533703e-08
970.495434656 2.1482410124e-08
973.854885087 2.06914926581e-08
977.225964533 1.9938164641e-08
980.608713251 1.92234119205e-08
984.003171633 1.85482431512e-08
987.409380215 1.79136904458e-08
990.827379671 1.73208100509e-08
994.257210815 1.67706830485e-08
997.698914604 1.6264416085e-08
1001.15253214 1.58031421281e-08
1004.61810465 1.53880212542e-08
1008.09567353 1.50202414664e-08
1011.58528031 1.47010195457e-08
1015.08696665 1.44316019372e-08
1018.60077436 1.42132656712e-08
1022.12674542 1.4047319324e-08
1025.66492191 1.39351040178e-08
1029.2153461 1.3877994463e-08
1032.77806037 1.38774000451e-08
1036.35310727 1.3934765958e-08
1039.9405295 1.40515743871e-08
1043.54036989 1.42293457437e-08
1047.15267142 1.44696399545e-08
1050.77747723 1.47740578093e-08
1054.41483061 1.51442423687e-08
1058.06477499 1.55818804372e-08
1061.72735395 1.60887041038e-08
1065.40261123 1.66664923552e-08
1069.09059073 1.73170727642e-08
1072.79133647 1.80423232597e-08
1076.50489264 1.88441739815e-08
1080.2313036 1.97246092258e-08
1083.97061385 2.06856694864e-08
1087.72286802 2.17294535981e-08
1091.48811093 2.28581209873e-08
1095.26638754 2.40738940384e-08
1099.05774298 2.53790605811e-08
1102.8622225 2.67759765078e-08
1106.67987154 2.82670685296e-08
1110.51073569 2.98548370778e-08
1114.3548607 3.15418593631e-08
1118.21229246 3.33307926018e-08
1122.08307705 3.52243774189e-08
1125.96726067 3.72254414431e-08
1129.86488972 3.93369031035e-08
1133.77601074 4.15617756447e-08
1137.70067042 4.39031713739e-08
1141.63891564 4.63643061572e-08
1145.59079343 4.89485041833e-08
1149.55635096 5.16592030125e-08
1153.5356356 5.44999589345e-08
1157.52869487 5.74744526559e-08
1161.53557644 6.05864953423e-08
1165.55632816 6.38400350441e-08
1169.59099805 6.72391635334e-08
1173.63963429 7.0788123585e-08
1177.70228521 7.44913167374e-08
1181.77899934 7.83533115716e-08
1185.86982535 8.23788525494e-08
1189.97481209 8.65728694595e-08
1194.09400859 9.09404875192e-08
1198.22746403 9.54870381903e-08
1202.37522776 1.00218070768e-07
1206.53734933 1.05139364815e-07
1210.71387842 1.10256943503e-07
1214.90486491 1.15577087968e-07
1219.11035886 1.21106352739e-07
1223.33041046 1.26851582367e-07
1227.56507013 1.32819929356e-07
1231.81438842 1.39018873514e-07
1236.07841608 1.45456242877e-07
1240.35720403 1.52140236344e-07
1244.65080335 1.5907944821e-07
1248.95926533 1.66282894773e-07
1253.2826414 1.73760043247e-07
1257.6209832 1.81520843211e-07
1261.97434253 1.89575760866e-07
1266.34277137 1.97935816414e-07
1270.72632189 2.06612624895e-07
1275.12504643 2.15618440876e-07
1279.53899753 2.24966207437e-07
1283.96822788 2.34669609948e-07
1288.41279038 2.44743135218e-07
1292.8727381 2.55202136663e-07
1297.3481243 2.6606290624e-07
1301.83900242 2.77342753996e-07
1306.34542609 2.89060096235e-07
1310.86744912 3.01234553408e-07
1315.40512551 3.13887059061e-07
1319.95850943 3.27039981344e-07
1324.52765528 3.40717258862e-07
1329.1126176 3.54944552909e-07
1333.71345115 3.69749418525e-07
1338.33021087 3.8516149718e-07
1342.96295188 4.01212734454e-07
1347.61172951 4.17937626646e-07
1352.27659927 4.35373501019e-07
1356.95761686 4.53560835284e-07
1361.65483818 4.72543623035e-07
1366.36831933 4.92369793215e-07
1371.09811658 5.13091693392e-07
1375.84428641 5.34766648728e-07
1380.60688551 5.57457611154e-07
1385.38597074 5.81233916606e-07
1390.18159917 6.06172172388e-07
1394.99382806 6.32357302104e-07
1399.82271488 6.59883782563e-07
1404.6683173 6.88857116019e-07
1409.53069317 7.19395592895e-07
1414.40990055 7.51632415628e-07
1419.30599772 7.85718274977e-07
1424.21904313 8.21824497908e-07
1429.14909546 8.6014692404e-07
1434.09621358 9.0091071973e-07
1439.06045655 9.44376411509e-07
1444.04188366 9.90847523278e-07
1449.0405544 1.04068034906e-06
1454.05652844 1.09429660811e-06
1459.0898657 1.15220004835e-06
1464.14062627 1.21499854813e-06
1469.20887047 1.28343401467e-06
1474.29465882 1.35842356595e-06
1479.39805204 1.44111741948e-06
1484.51911109 1.5329821666e-06
1489.6578971 1.63592377908e-06
1494.81447145 1.75247496438e-06
1499.98889571 1.88609098425e-06
1505.18123166 2.04163715654e-06
1510.39154132 2.22623500656e-06
1515.6198869 2.45082834476e-06
1520.86633083 2.73332900466e-06
1526.13093576 3.10565870308e-06
1531.41376455 3.63209072933e-06
1536.7148803 4.4694274785e-06
1542.0343463 6.16579948064e-06
1547.37222607 1.5083424394e-05
