0.333333333333 2.72127946164e-16
1.66666666667 1.45192442244e-15
3.33333333333 4.5133596191e-15
6.66666666667 1.93493946841e-14
13.3333333333 9.14670783607e-14
33.3333333333 7.60882699701e-13
66.6666666667 5.10131029721e-12
133.333333333 4.58132101048e-11
133.333333333 4.58132101048e-11
133.333333333 4.58132101048e-11
145.573237532 5.44105325326e-11
146.077151366 5.40838775827e-11
146.58280954 5.3755961922e-11
147.090218091 5.34267907153e-11
147.599383079 5.3096369361e-11
148.110310584 5.27647034953e-11
148.623006707 5.24317989976e-11
149.13747757 5.2097661995e-11
149.653729317 5.1762298867e-11
150.171768111 5.14257162508e-11
150.69160014 5.10879210462e-11
151.213231611 5.0748920421e-11
151.736668753 5.04087218161e-11
152.261917815 5.0067332951e-11
152.788985071 4.97247618289e-11
153.317876813 4.9381016743e-11
153.848599358 4.90361062816e-11
154.381159044 4.86900393342e-11
154.915562229 4.83428250971e-11
155.451815294 4.79944730799e-11
155.989924645 4.76449931112e-11
156.529896705 4.72943953452e-11
157.071737924 4.6942690268e-11
157.61545477 4.65898887037e-11
158.161053738 4.62360018217e-11
158.708541342 4.58810411431e-11
159.257924119 4.55250185475e-11
159.809208631 4.51679462805e-11
160.36240146 4.48098369602e-11
160.917509211 4.44507035851e-11
161.474538514 4.40905595414e-11
162.03349602 4.37294186104e-11
162.594388404 4.33672949764e-11
163.157222364 4.3004203235e-11
163.72200462 4.26401584004e-11
164.288741916 4.22751759145e-11
164.857441021 4.19092716546e-11
165.428108724 4.15424619426e-11
166.000751842 4.11747635532e-11
166.575377211 4.08061937233e-11
167.151991693 4.04367701611e-11
167.730602174 4.00665110549e-11
168.311215563 3.96954350836e-11
168.893838794 3.93235614253e-11
169.478478823 3.89509097682e-11
170.065142633 3.85775003202e-11
170.653837227 3.82033538193e-11
171.244569637 3.78284915444e-11
171.837346916 3.7452935326e-11
172.432176143 3.70767075573e-11
173.029064421 3.66998312053e-11
173.628018877 3.63223298226e-11
174.229046663 3.59442275589e-11
174.832154957 3.55655491734e-11
175.43735096 3.51863200468e-11
176.044641899 3.48065661941e-11
176.654035027 3.44263142774e-11
177.265537619 3.40455916189e-11
177.879156978 3.36644262148e-11
178.494900431 3.32828467487e-11
179.112775332 3.29008826057e-11
179.732789057 3.25185638869e-11
180.354949012 3.21359214244e-11
180.979262625 3.17529867958e-11
181.605737351 3.13697923402e-11
182.234380671 3.09863711737e-11
182.865200093 3.06027572057e-11
183.498203148 3.02189851554e-11
184.133397396 2.98350905687e-11
184.770790421 2.94511098359e-11
185.410389835 2.90670802088e-11
186.052203275 2.86830398197e-11
186.696238406 2.82990276995e-11
187.342502918 2.79150837971e-11
187.991004528 2.75312489988e-11
188.641750981 2.71475651487e-11
189.294750046 2.67640750686e-11
189.950009521 2.63808225798e-11
190.607537232 2.59978525245e-11
191.267341029 2.56152107875e-11
191.929428792 2.52329443197e-11
192.593808426 2.48511011608e-11
193.260487866 2.44697304633e-11
193.929475072 2.40888825173e-11
194.600778032 2.37086087751e-11
195.274404764 2.33289618778e-11
195.95036331 2.29499956808e-11
196.628661743 2.25717652819e-11
197.309308162 2.21943270483e-11
197.992310695 2.18177386461e-11
198.677677498 2.14420590687e-11
199.365416755 2.10673486679e-11
200.055536678 2.06936691842e-11
200.748045509 2.03210837788e-11
201.442951517 1.99496570664e-11
202.140262999 1.95794551484e-11
202.839988283 1.92105456477e-11
203.542135724 1.88429977436e-11
204.246713706 1.84768822086e-11
204.953730644 1.81122714456e-11
205.663194979 1.7749239526e-11
206.375115184 1.73878622293e-11
207.08949976 1.70282170835e-11
207.806357238 1.66703834069e-11
208.525696177 1.63144423505e-11
209.247525167 1.59604769419e-11
209.971852828 1.56085721307e-11
210.69868781 1.52588148348e-11
211.428038791 1.49112939877e-11
212.159914481 1.45661005876e-11
212.894323619 1.42233277476e-11
213.631274976 1.38830707476e-11
214.370777351 1.35454270867e-11
215.112839574 1.32104965381e-11
215.857470508 1.28783812049e-11
216.604679043 1.25491855772e-11
217.354474102 1.22230165912e-11
218.10686464 1.18999836893e-11
218.861859639 1.15801988822e-11
219.619468117 1.12637768122e-11
220.379699119 1.09508348183e-11
221.142561723 1.06414930023e-11
221.90806504 1.03358742975e-11
222.67621821 1.00341045376e-11
223.447030406 9.7363125281e-12
224.220510832 9.44263011871e-12
224.996668725 9.15319227697e-12
225.775513353 8.86813716344e-12
226.557054016 8.58760620785e-12
227.341300046 8.31174418634e-12
228.12826081 8.0406992994e-12
228.917945703 7.77462325049e-12
229.710364157 7.51367132487e-12
230.505525632 7.25800246842e-12
231.303439625 7.00777936595e-12
232.104115663 6.80999055267e-12
232.907563308 6.63424827394e-12
233.713792153 6.46158199902e-12
234.522811827 6.29214913982e-12
235.334631989 6.12611184279e-12
236.149262334 5.96363716421e-12
236.966712589 5.80489725989e-12
237.786992516 5.65006959107e-12
238.610111911 5.49933714836e-12
239.436080601 5.35288869545e-12
240.26490845 5.21091903417e-12
241.096605356 5.07362929179e-12
241.93118125 4.94122723092e-12
242.768646097 4.81392758078e-12
243.609009898 4.69195238706e-12
244.452282689 4.57553137499e-12
245.298474538 4.46490231702e-12
246.14759555 4.36031139254e-12
246.999655865 4.2620135224e-12
247.854665657 4.17027265573e-12
248.712635137 4.08536198141e-12
249.573574549 4.00756403189e-12
250.437494175 3.93717064415e-12
251.30440433 3.87448274259e-12
252.174315366 3.81980991232e-12
253.047237671 3.77346974112e-12
253.92318167 3.73578692306e-12
254.802157821 3.70709213789e-12
255.684176621 3.68772074489e-12
256.569248602 3.67801135539e-12
257.457384333 3.67830437052e-12
258.34859442 3.68894058407e-12
259.242889505 3.71025995157e-12
260.140280266 3.74260061227e-12
261.040777419 3.78629822134e-12
261.944391718 3.84168560932e-12
262.851133953 3.9090927399e-12
263.761014952 3.98884689416e-12
264.674045579 4.08127297543e-12
265.590236737 4.18669380957e-12
266.509599367 4.3054303116e-12
267.432144447 4.43780139989e-12
268.357882993 4.58412355991e-12
269.28682606 4.74470998505e-12
270.21898474 4.91986924787e-12
271.154370165 5.10990347735e-12
272.092993504 5.31510603445e-12
273.034865966 5.53575868803e-12
273.979998797 5.77212829737e-12
274.928403284 6.02446300701e-12
275.880090752 6.51759258866e-12
276.835072565 6.86370156878e-12
277.793360127 7.22708247157e-12
278.75496488 7.60764637331e-12
279.719898308 8.00524322281e-12
280.688171933 8.41965515771e-12
281.659797318 8.85058936004e-12
282.634786064 9.29767046993e-12
283.613149815 9.76043259177e-12
284.594900253 1.02383109454e-11
285.580049102 1.07306332367e-11
286.568608125 1.12366108485e-11
287.560589127 1.17553299801e-11
288.556003954 1.22857429035e-11
289.554864492 1.28266595365e-11
290.557182668 1.33767395838e-11
291.562970451 1.39344855396e-11
292.572239853 1.44982368986e-11
293.585002924 1.50661659748e-11
294.601271759 1.56362757806e-11
295.621058492 1.62064004669e-11
296.644375302 1.67742088711e-11
297.671234408 1.73372117521e-11
298.701648072 1.78927733081e-11
299.735628598 1.84381275719e-11
300.773188333 1.8970400245e-11
301.814339668 1.9486636467e-11
302.859095034 1.99838349098e-11
303.907466908 2.04589884356e-11
304.959467807 2.09091313553e-11
306.015110296 2.13313930731e-11
307.074406978 2.17230576045e-11
308.137370503 2.2081628119e-11
309.204013565 2.24048952948e-11
310.2743489 2.26910079008e-11
311.34838929 2.29385436696e-11
312.42614756 2.31465782121e-11
313.507636579 2.33147494947e-11
314.592869262 2.34433152675e-11
315.681858568 2.35332008429e-11
316.774617501 2.35860347758e-11
317.87115911 2.36041703257e-11
318.971496488 2.35906910536e-11
320.075642775 2.35493995316e-11
321.183611157 2.34847888661e-11
322.295414863 2.34019975255e-11
323.411067169 2.33067487527e-11
324.530581399 2.32052765861e-11
325.653970919 2.3104241143e-11
326.781249146 2.30106362999e-11
327.91242954 2.29316931927e-11
329.047525609 2.2874783052e-11
330.186550907 2.28473227707e-11
331.329519035 2.28566863131e-11
332.476443642 2.29101246285e-11
333.627338424 2.30146961878e-11
334.782217124 2.31772096587e-11
335.941093532 2.34041796174e-11
337.103981487 2.37017956127e-11
338.270894875 2.40759043785e-11
339.44184763 2.45320045597e-11
340.616853736 2.50752529869e-11
341.795927222 2.57104813131e-11
342.979082169 2.64422217072e-11
344.166332705 2.7274740269e-11
345.357693008 2.82120768897e-11
346.553177303 2.92580903938e-11
347.752799866 3.04165079747e-11
348.956575021 3.16909781387e-11
350.164517145 3.30851266062e-11
351.37664066 3.46026148745e-11
352.592960041 3.6247201411e-11
353.813489813 3.80228057323e-11
355.03824455 3.9933575927e-11
356.267238877 4.19839605166e-11
357.500487469 4.41787859249e-11
358.738005054 4.65233412771e-11
359.979806409 4.90234727989e-11
361.225906362 5.16856907831e-11
362.476319793 5.45172930085e-11
363.731061634 5.75265097301e-11
364.990146868 6.07226770639e-11
366.25359053 6.41164479905e-11
367.521407707 6.7720053669e-11
368.793613539 7.15476328562e-11
370.070223216 7.5615654931e-11
371.351251984 7.99434739663e-11
372.636715139 8.45540703456e-11
373.926628031 8.94750678931e-11
375.221006063 9.47401685216e-11
376.519864693 1.00391243599e-10
377.823219429 1.06481505932e-10
379.131085836 1.13080561643e-10
380.443479531 1.2028297057e-10
381.760416186 1.28223984608e-10
383.081911526 1.37111938168e-10
384.407981332 1.47307119624e-10
385.738641438 1.59577507738e-10
387.073907735 1.7676529825e-10
388.413796166 1.9673963034e-10
389.758322733 2.07724674498e-10
391.10750349 2.20177256495e-10
392.461354547 2.3318601646e-10
393.819892073 2.4447502356e-10
395.183132289 2.56205014679e-10
396.551091474 2.68389752031e-10
397.923785963 2.81043576914e-10
399.301232148 2.94181443712e-10
400.683446477 3.07818956465e-10
402.070445456 3.21972408246e-10
403.462245646 3.36658823618e-10
404.858863669 3.51896004445e-10
406.2603162 3.677025794e-10
407.666619976 3.84098057515e-10
409.077791789 4.01102886191e-10
410.49384849 4.18738514104e-10
411.914806989 4.37027459525e-10
413.340684253 4.55993384607e-10
414.77149731 4.75661176286e-10
416.207263245 4.96057034499e-10
417.647999203 5.17208568541e-10
419.093722388 5.39144902453e-10
420.544450063 5.61896790495e-10
422.000199553 5.85496743854e-10
423.46098824 6.09979169943e-10
424.926833568 6.35380525785e-10
426.397753042 6.61739487243e-10
427.873764225 6.89097136069e-10
429.354884744 7.17497167064e-10
430.841132284 7.46986117982e-10
432.332524593 7.77613625222e-10
433.82907948 8.09432708816e-10
435.330814816 8.42500090828e-10
436.837748534 8.76876551914e-10
438.349898627 9.12627331632e-10
439.867283153 9.49822579043e-10
441.389920232 9.88537861307e-10
442.917828046 1.02885473939e-09
444.451024839 1.07086142169e-09
445.989528919 1.11465350845e-09
447.53335866 1.16033484236e-09
449.082532495 1.20801848393e-09
450.637068923 1.2578278339e-09
452.196986509 1.30989792988e-09
453.762303878 1.36437695044e-09
455.333039724 1.42142796706e-09
456.909212801 1.48123099429e-09
458.490841933 1.54398540028e-09
460.077946005 1.60991275553e-09
461.670543969 1.67926021776e-09
463.268654844 1.75230457716e-09
464.872297711 1.82935712072e-09
466.481491721 1.91076952025e-09
468.09625609 1.99694101018e-09
469.7166101 2.08832720474e-09
471.3425731 2.18545101844e-09
472.974164505 2.28891631265e-09
474.611403799 2.39942511463e-09
476.254310533 2.51779957483e-09
477.902904324 2.64501029136e-09
479.55720486 2.78221331489e-09
481.217231894 2.93079917696e-09
482.88300525 3.09245886736e-09
484.554544818 3.26927417787e-09
486.231870559 3.46384385466e-09
487.915002502 3.67946370004e-09
489.603960746 3.92039029168e-09
491.298765459 4.19223859978e-09
492.999436879 4.50260231484e-09
494.705995314 4.86206157252e-09
496.418461143 5.28590170451e-09
498.136854814 5.79722553969e-09
499.861196848 6.43303131218e-09
501.591507834 7.25731278476e-09
503.327808436 8.3933840679e-09
505.070119385 1.01212567346e-08
506.818461489 1.32877829231e-08
508.572855624 2.30794922615e-08
510.33332274 1.0