0.333333333333 4.01820509338e-15
1.66666666667 2.11557574549e-14
3.33333333333 7.15971390213e-14
6.66666666667 3.18633211309e-13
13.3333333333 1.65072649852e-12
33.3333333333 1.80693704786e-11
66.6666666667 1.60855301173e-10
120.376100385 1.79954514242e-09
120.376100385 1.79954514242e-09
120.376100385 1.79954514242e-09
120.79279224 1.79293196425e-09
121.210926507 1.78628571447e-09
121.630508181 1.7796063381e-09
122.051542272 1.7728937822e-09
122.474033808 1.76614799583e-09
122.897987832 1.75936893016e-09
123.323409409 1.75255653849e-09
123.750303618 1.7457107763e-09
124.178675557 1.73883160133e-09
124.60853034 1.73191897359e-09
125.039873102 1.72497285542e-09
125.472708992 1.71799321156e-09
125.90704318 1.7109800092e-09
126.342880851 1.70393321803e-09
126.780227211 1.69685281026e-09
127.219087481 1.68973876077e-09
127.659466903 1.68259104704e-09
128.101370734 1.67540964933e-09
128.544804252 1.66819455064e-09
128.989772753 1.66094573685e-09
129.436281548 1.65366319672e-09
129.884335971 1.64634692199e-09
130.333941371 1.63899690742e-09
130.785103118 1.63161315086e-09
131.237826598 1.62419565334e-09
131.692117219 1.6167444191e-09
132.147980403 1.60925945567e-09
132.605421597 1.60174077396e-09
133.064446261 1.59418838828e-09
133.525059876 1.58660231647e-09
133.987267944 1.57898257994e-09
134.451075984 1.57132920374e-09
134.916489533 1.56364221664e-09
135.383514151 1.55592165123e-09
135.852155412 1.54816754395e-09
136.322418914 1.5403799352e-09
136.794310273 1.53255886944e-09
137.267835122 1.52470439521e-09
137.742999117 1.51681656527e-09
138.219807931 1.50889543666e-09
138.698267259 1.50094107077e-09
139.178382813 1.49295353348e-09
139.660160328 1.48493289519e-09
140.143605555 1.47687923092e-09
140.628724267 1.46879262046e-09
141.115522259 1.46067314837e-09
141.604005342 1.45252090414e-09
142.094179349 1.4443359823e-09
142.586050135 1.43611848244e-09
143.079623572 1.42786850938e-09
143.574905555 1.41958617325e-09
144.071901997 1.41127158959e-09
144.570618834 1.40292487945e-09
145.07106202 1.39454616952e-09
145.573237532 1.3861355922e-09
146.077151366 1.37769328576e-09
146.58280954 1.3692193944e-09
147.090218091 1.3607140684e-09
147.599383079 1.35217746423e-09
148.110310584 1.34360974468e-09
148.623006707 1.33501107893e-09
149.13747757 1.32638164273e-09
149.653729317 1.31772161852e-09
150.171768111 1.3090311955e-09
150.69160014 1.30031056985e-09
151.213231611 1.29155994477e-09
151.736668753 1.28277953067e-09
152.261917815 1.27396954532e-09
152.788985071 1.26513021392e-09
153.317876813 1.2562617693e-09
153.848599358 1.24736445206e-09
154.381159044 1.23843851069e-09
154.915562229 1.22948420174e-09
155.451815294 1.22050178997e-09
155.989924645 1.21149154847e-09
156.529896705 1.2024537589e-09
157.071737924 1.19338871155e-09
157.61545477 1.18429670557e-09
158.161053738 1.17517804913e-09
158.708541342 1.16603305956e-09
159.257924119 1.15686206355e-09
159.809208631 1.14766539732e-09
160.36240146 1.13844340677e-09
160.917509211 1.12919644772e-09
161.474538514 1.11992488605e-09
162.03349602 1.1106290979e-09
162.594388404 1.10130946986e-09
163.157222364 1.0919663992e-09
163.72200462 1.08260029401e-09
164.288741916 1.07321157346e-09
164.857441021 1.06380066797e-09
165.428108724 1.05436801944e-09
166.000751842 1.04491408148e-09
166.575377211 1.0354393196e-09
167.151991693 1.02594421145e-09
167.730602174 1.01642924705e-09
168.311215563 1.00689492902e-09
168.893838794 9.97341772809e-10
169.478478823 9.87770306973e-10
170.065142633 9.7818107338e-10
170.653837227 9.68574627486e-10
171.244569637 9.58951538585e-10
171.837346916 9.49312390078e-10
172.432176143 9.39657779735e-10
173.029064421 9.29988319971e-10
173.628018877 9.20304638127e-10
174.229046663 9.10607376752e-10
174.832154957 9.00897193895e-10
175.43735096 8.91174763402e-10
176.044641899 8.81440775219e-10
176.654035027 8.71695935699e-10
177.265537619 8.61940967922e-10
177.879156978 8.52176612014e-10
178.494900431 8.42403625476e-10
179.112775332 8.32622783523e-10
179.732789057 8.22834879425e-10
180.354949012 8.13040724858e-10
180.979262625 8.03241150262e-10
181.605737351 7.93437005209e-10
182.234380671 7.83629158775e-10
182.865200093 7.73818499923e-10
183.498203148 7.64005937894e-10
184.133397396 7.54192402606e-10
184.770790421 7.44378845061e-10
185.410389835 7.34566237764e-10
186.052203275 7.24755575151e-10
186.696238406 7.1494787402e-10
187.342502918 7.05144173985e-10
187.991004528 6.95345537925e-10
188.641750981 6.85553052456e-10
189.294750046 6.75767828408e-10
189.950009521 6.65991001311e-10
190.607537232 6.56223731901e-10
191.267341029 6.46467206626e-10
191.929428792 6.36722638173e-10
192.593808426 6.26991266007e-10
193.260487866 6.17274356917e-10
193.929475072 6.0757320558e-10
194.600778032 5.97889135138e-10
195.274404764 5.88223497788e-10
195.95036331 5.78577675386e-10
196.628661743 5.6895308007e-10
197.309308162 5.59351154892e-10
197.992310695 5.49773374467e-10
198.677677498 5.40221245647e-10
199.365416755 5.30696308199e-10
200.055536678 5.21200135509e-10
200.748045509 5.117343353e-10
201.442951517 5.02300550371e-10
202.140262999 4.92900459351e-10
202.839988283 4.8353577748e-10
203.542135724 4.742082574e-10
204.246713706 4.64919689974e-10
204.953730644 4.55671905127e-10
205.663194979 4.46466772705e-10
206.375115184 4.37306203357e-10
207.08949976 4.28192149446e-10
207.806357238 4.19126605977e-10
208.525696177 4.10111611557e-10
209.247525167 4.01149249375e-10
209.971852828 3.92241648212e-10
210.69868781 3.83390983481e-10
211.428038791 3.74599478285e-10
212.159914481 3.65869404521e-10
212.894323619 3.57203083994e-10
213.631274976 3.48602889583e-10
214.370777351 3.40071246422e-10
215.112839574 3.31610633121e-10
215.857470508 3.23223583022e-10
216.604679043 3.14912685487e-10
217.354474102 3.06680587223e-10
218.10686464 2.98529993642e-10
218.861859639 2.90463670256e-10
219.619468117 2.82484444118e-10
220.379699119 2.74595205293e-10
221.142561723 2.66798908372e-10
221.90806504 2.59098574024e-10
222.67621821 2.51497290586e-10
223.447030406 2.43998215702e-10
224.220510832 2.36604577982e-10
224.996668725 2.29319678723e-10
225.775513353 2.22146893644e-10
226.557054016 2.15089674671e-10
227.341300046 2.0815155175e-10
228.12826081 2.01336134684e-10
228.917945703 1.94647115002e-10
229.710364157 1.88088267834e-10
230.505525632 1.81663453807e-10
231.303439625 1.75376620931e-10
232.104115663 1.70322137011e-10
232.907563308 1.65790070815e-10
233.713792153 1.61338493355e-10
234.522811827 1.56971324822e-10
235.334631989 1.52692600641e-10
236.149262334 1.48506476399e-10
236.966712589 1.44417233281e-10
237.786992516 1.40429284074e-10
238.610111911 1.36547179803e-10
239.436080601 1.32775617076e-10
240.26490845 1.29119446161e-10
241.096605356 1.25583679862e-10
241.93118125 1.22173503174e-10
242.768646097 1.18894283696e-10
243.609009898 1.15751582698e-10
244.452282689 1.12751166665e-10
245.298474538 1.09899019045e-10
246.14759555 1.07201351774e-10
246.999655865 1.04664616048e-10
247.854665657 1.02295511615e-10
248.712635137 1.00100993735e-10
249.573574549 9.80882768065e-11
250.437494175 9.62648336222e-11
251.30440433 9.46383892012e-11
252.174315366 9.32169083365e-11
253.047237671 9.20085763027e-11
253.92318167 9.1021772677e-11
254.802157821 9.02650388904e-11
255.684176621 8.97470409094e-11
256.569248602 8.9476529236e-11
257.457384333 8.94622990919e-11
258.34859442 8.97131540594e-11
259.242889505 9.02378764737e-11
260.140280266 9.10452074127e-11
261.040777419 9.21438382368e-11
261.944391718 9.35424143954e-11
262.851133953 9.52495508208e-11
263.761014952 9.72738569125e-11
264.674045579 9.96239680683e-11
265.590236737 1.02308580109e-10
266.509599367 1.05336482804e-10
267.432144447 1.08716589023e-10
268.357882993 1.12457956652e-10
269.28682606 1.16569801234e-10
270.21898474 1.21061498107e-10
271.154370165 1.25942573557e-10
272.092993504 1.31222685019e-10
273.034865966 1.36911590774e-10
273.979998797 1.43019109663e-10
274.928403284 1.49555071413e-10
275.880090752 1.61686228919e-10
276.835072565 1.70537058358e-10
277.793360127 1.79874120921e-10
278.75496488 1.89703089961e-10
279.719898308 2.00028953622e-10
280.688171933 2.10855910565e-10
281.659797318 2.22187253592e-10
282.634786064 2.34025240262e-10
283.613149815 2.46370949598e-10
284.594900253 2.59224124098e-10
285.580049102 2.72582996283e-10
286.568608125 2.86444099246e-10
287.560589127 3.00802060779e-10
288.556003954 3.15649381018e-10
289.554864492 3.30976193841e-10
290.557182668 3.46770012813e-10
291.562970451 3.63015463055e-10
292.572239853 3.79694001221e-10
293.585002924 3.96783626773e-10
294.601271759 4.14258588895e-10
295.621058492 4.32089094887e-10
296.644375302 4.50241027536e-10
297.671234408 4.68675680964e-10
298.701648072 4.87349526677e-10
299.735628598 5.0621402407e-10
300.773188333 5.25215492317e-10
301.814339668 5.44295063444e-10
302.859095034 5.63388739187e-10
303.907466908 5.82427576924e-10
304.959467807 6.01338032207e-10
306.015110296 6.20042486946e-10
307.074406978 6.38459992715e-10
308.137370503 6.56507257523e-10
309.204013565 6.74099901278e-10
310.2743489 6.91153999508e-10
311.34838929 7.0758792631e-10
312.42614756 7.23324495654e-10
313.507636579 7.38293384886e-10
314.592869262 7.52433805809e-10
315.681858568 7.65697367624e-10
316.774617501 7.78051053327e-10
317.87115911 7.89480208501e-10
318.971496488 7.9999142083e-10
320.075642775 8.09615152565e-10
321.183611157 8.18407979123e-10
322.295414863 8.26454287415e-10
323.411067169 8.33867299242e-10
324.530581399 8.40789309075e-10
325.653970919 8.47391061343e-10
326.781249146 8.53870238189e-10
327.91242954 8.6044908123e-10
329.047525609 8.67371225657e-10
330.186550907 8.74897876938e-10
331.329519035 8.83303504271e-10
332.476443642 8.92871256314e-10
333.627338424 9.03888320608e-10
334.782217124 9.16641447148e-10
335.941093532 9.31412839602e-10
337.103981487 9.4847658699e-10
338.270894875 9.68095768286e-10
339.44184763 9.90520316766e-10
340.616853736 1.0159856847e-09
341.795927222 1.04471230638e-09
342.979082169 1.07690582147e-09
344.166332705 1.11275799379e-09
345.357693008 1.15244824301e-09
346.553177303 1.19614569914e-09
347.752799866 1.24401169059e-09
348.956575021 1.29620258458e-09
350.164517145 1.35287291306e-09
351.37664066 1.41417873506e-09
352.592960041 1.48028120817e-09
353.813489813 1.55135036513e-09
355.03824455 1.62756911706e-09
356.267238877 1.70913753239e-09
357.500487469 1.7962774711e-09
358.738005054 1.8892376887e-09
359.979806409 1.98829956635e-09
361.225906362 2.09378367585e-09
362.476319793 2.20605745659e-09
363.731061634 2.3255443731e-09
364.990146868 2.45273504979e-09
366.25359053 2.58820106e-09
367.521407707 2.73261231003e-09
368.793613539 2.88675934971e-09
370.070223216 3.05158253697e-09
371.351251984 3.22821091487e-09
372.636715139 3.41801515789e-09
373.926628031 3.62268143765e-09
375.221006063 3.84431737261e-09
376.519864693 4.08560903908e-09
377.823219429 4.35006296273e-09
379.131085836 4.64239754927e-09
380.443479531 4.96921621945e-09
381.760416186 5.34026202882e-09
383.081911526 5.77103147359e-09
384.407981332 6.28920434876e-09
385.738641438 6.95565019004e-09
387.073907735 8.00194393129e-09
388.413796166 9.33293950854e-09
389.758322733 9.96818026034e-09
391.10750349 1.07859921858e-08
392.461354547 1.1659300823e-08
393.819892073 1.2223751178e-08
395.183132289 1.2810250734e-08
396.551091474 1.34194876015e-08
397.923785963 1.40521788457e-08
399.301232148 1.47090721856e-08
400.683446477 1.53909478232e-08
402.070445456 1.60986204123e-08
403.462245646 1.68329411809e-08
404.858863669 1.75948002223e-08
406.2603162 1.838512897e-08
407.666619976 1.92049028757e-08
409.077791789 2.00551443095e-08
410.49384849 2.09369257052e-08
411.914806989 2.18513729762e-08
413.340684253 2.27996692303e-08
414.77149731 2.37830588143e-08
416.207263245 2.4802851725e-08
417.647999203 2.58604284271e-08
419.093722388 2.69572451227e-08
420.544450063 2.80948395247e-08
422.000199553 2.92748371927e-08
423.46098824 3.04989584971e-08
424.926833568 3.17690262892e-08
426.397753042 3.30869743621e-08
427.873764225 3.44548568034e-08
429.354884744 3.58748583532e-08
430.841132284 3.73493058991e-08
432.332524593 3.88806812611e-08
433.82907948 4.04716354408e-08
435.330814816 4.21250045414e-08
436.837748534 4.38438275957e-08
438.349898627 4.56313665816e-08
439.867283153 4.74911289522e-08
441.389920232 4.94268930653e-08
442.917828046 5.14427369696e-08
444.451024839 5.35430710847e-08
445.989528919 5.57326754225e-08
447.53335866 5.80167421182e-08
449.082532495 6.04009241967e-08
450.637068923 6.28913916948e-08
452.196986509 6.5494896494e-08
453.762303878 6.8218847522e-08
455.333039724 7.10713983529e-08
456.909212801 7.40615497144e-08
458.490841933 7.71992700141e-08
460.077946005 8.04956377766e-08
461.670543969 8.39630108879e-08
463.268654844 8.76152288579e-08
464.872297711 9.14678560361e-08
466.481491721 9.55384760127e-08
468.09625609 9.9847050509e-08
469.7166101 1.04416360237e-07
471.3425731 1.09272550922e-07
472.974164505 1.14445815632e-07
474.611403799 1.19971255732e-07
476.254310533 1.25889978742e-07
477.902904324 1.32250514568e-07
479.55720486 1.39110665745e-07
481.217231894 1.46539958848e-07
482.88300525 1.54622943368e-07
484.554544818 1.63463708893e-07
486.231870559 1.73192192733e-07
487.915002502 1.83973185002e-07
489.603960746 1.96019514584e-07
491.298765459 2.09611929989e-07
492.999436879 2.25130115742e-07
494.705995314 2.43103078626e-07
496.418461143 2.64295085226e-07
498.136854814 2.89861276985e-07
499.861196848 3.21651565609e-07
501.591507834 3.62865639238e-07
503.327808436 4.19669203395e-07
505.070119385 5.06062836732e-07
506.818461489 6.64389146153e-07
508.572855624 1.15397461307e-06
510.33332274 1.0
