0.001 8.042858957950856e-15
0.0012366730653835798 1.2320056472940988e-14
0.00152936027064522 1.8727531872777293e-14
0.0018913186539746855 2.8260290955537656e-14
0.0023389428374280203 4.238231315660241e-14
0.002892507608519078 6.252056706163517e-14
0.0035770862508726162 9.269529879135865e-14
0.004423686219008095 1.3744221705379155e-13
0.005470653596755839 2.055132975686074e-13
0.00676540995315175 3.070729236733841e-13
0.008366600265340756 4.625936932470511e-13
0.010346749196978026 7.01140617025022e-13
0.012795546046181909 1.0684622490023216e-12
0.015823907152188527 1.6407214208813925e-12
0.01956899976424214 2.5135458373084806e-12
0.024200454924935874 3.8765026568788625e-12
0.0299280507756976 5.9959306356318544e-12
0.037011214293737375 9.288597238388366e-12
0.04577077183420477 1.440751353324055e-11
0.05660348070917843 2.237618312661317e-11
0.07000000000000002 3.475528541196919e-11
0.07007000000000001 3.481739216506636e-11
0.076193787866788 4.1415522099253005e-11
0.08285276594104592 4.923700602995132e-11
0.0900937073253702 5.856037870762286e-11
0.09796747287115372 6.857097214593524e-11
0.1065293684285713 6.108080223558451e-11
0.11583953331853096 6.035587705244544e-11
0.12596336275524284 6.657552202195221e-11
0.13697196718653112 7.57142570495929e-11
0.14894267177832451 8.668447716959596e-11
0.16195955955173807 9.923359816920826e-11
0.17611406198777715 1.1374124407885988e-10
0.19150560124810967 1.303721887394743e-10
0.20824228852290788 1.4874153997047976e-10
0.22644168341100188 1.6833766687877848e-10
0.24623161966628004 1.865754554692486e-10
0.2677511031104347 2.0020642616538995e-10
0.2911512880190515 2.0039227863909618e-10
0.31659653883924227 1.7530719659487973e-10
0.34426558469639684 1.2693136350115183e-10
0.37435277479938617 9.568029955866114e-11
0.40706944356226477 2.1611790157079169e-10
0.4426453950311777 4.1658873336230874e-10
0.48133051704318713 4.3972270529093e-10
0.5233965364549734 6.976751438421855e-10
0.5691389277702555 8.734444910173236e-10
0.6188789885722565 9.679192509092635e-10
0.6729660963391867 1.0242098066749913e-9
0.7317801624947681 1.0485935654177759e-9
0.7957343009312118 1.1283127841452492e-9
0.8652777297485313 1.3359649313073129e-9
0.9408989265922004 1.7855977311795006e-9
1.0231290597524567 2.0808498260302057e-9
1.1125457191255168 2.4495204875043675e-9
1.2097769732432238 2.882356892104571e-9
1.3155057808679755 3.3685145361762616e-9
1.4304747881402573 3.5006366140149536e-9
1.5554915449742717 3.853091636172348e-9
1.6914341773419719 4.3590418652030805e-9
1.8392575552879875 4.63898199299607e-9
1.9999999999999993 5.2138192941190485e-9
