0.001 1.1624526215397256e-13
0.0012366730653835798 1.8499965991914807e-13
0.00152936027064522 2.8820968690533657e-13
0.0018913186539746855 4.3759199992998257e-13
0.0023389428374280203 6.543006558167147e-13
0.002892507608519078 9.77337787581875e-13
0.0035770862508726162 1.4727072933669024e-12
0.004423686219008095 2.237738727024082e-12
0.005470653596755839 3.448215875987076e-12
0.00676540995315175 5.43698129903051e-12
0.008366600265340756 8.386013827375133e-12
0.010346749196978026 1.3199852993557314e-11
0.012795546046181909 2.087573845415636e-11
0.015823907152188527 3.306175193235173e-11
0.01956899976424214 5.2415537512736647e-11
0.024200454924935874 8.311160739084584e-11
0.0299280507756976 1.317900889057147e-10
0.037011214293737375 2.090618402987901e-10
0.04577077183420477 3.3118345554124715e-10
0.05660348070917843 5.250764020824616e-10
0.07000000000000002 8.309326876170143e-10
0.07007000000000001 8.321720042375674e-10
0.076193787866788 9.831952470353677e-10
0.08285276594104592 1.1735959034866532e-9
0.0900937073253702 1.3931651408884446e-9
0.09796747287115372 1.572958694053173e-9
0.1065293684285713 1.399583770579172e-9
0.11583953331853096 1.4582141658346638e-9
0.12596336275524284 1.6337892018768655e-9
0.13697196718653112 1.8767029864151678e-9
0.14894267177832451 2.1649599865154807e-9
0.16195955955173807 2.4938817785560145e-9
0.17611406198777715 2.8733126782127946e-9
0.19150560124810967 3.306369413561811e-9
0.20824228852290788 3.771488920729027e-9
0.22644168341100188 4.249433621489174e-9
0.24623161966628004 4.6146240562150864e-9
0.2677511031104347 4.9318780771376625e-9
0.2911512880190515 4.874312449641469e-9
0.31659653883924227 4.070076822857117e-9
0.34426558469639684 2.966142979098644e-9
0.37435277479938617 2.635821496946105e-9
0.40706944356226477 6.6264410186669436e-9
0.4426453950311777 1.1344313044687645e-8
0.48133051704318713 8.857220969637143e-9
0.5233965364549734 1.928112656151557e-8
0.5691389277702555 2.321050040827506e-8
0.6188789885722565 2.5550065749530778e-8
0.6729660963391867 2.6883115192881515e-8
0.7317801624947681 2.785234266833842e-8
0.7957343009312118 3.0618300626836945e-8
0.8652777297485313 3.784192509811736e-8
0.9408989265922004 4.8223995555937076e-8
1.0231290597524567 5.7069054145975544e-8
1.1125457191255168 6.753583802411422e-8
1.2097769732432238 7.933990860846672e-8
1.3155057808679755 9.15923980005424e-8
1.4304747881402573 9.553083010693836e-8
1.5554915449742717 1.0629860906656293e-7
1.6914341773419719 1.194476824697889e-7
1.8392575552879875 1.281522875896667e-7
1.9999999999999993 1.4507006907331348e-7
        
